Symbol: GOOG
2018-01-02 1048.34 1065 1066.94 1045.23 1237564
2018-01-03 1064.31 1082.48 1086.29 1063.21 1430170
2018-01-04 1088 1086.4 1093.57 1084 1004605
2018-01-05 1094 1102.23 1104.25 1092 1279123
2018-01-08 1102.23 1106.94 1111.27 1101.62 1047603
2018-01-09 1109.4 1106.26 1110.57 1101.23 902541
2018-01-10 1097.1 1102.61 1104.6 1096.11 1042793
2018-01-11 1106.3 1105.52 1106.53 1099.59 978292
2018-01-12 1102.41 1122.26 1124.29 1101.15 1720533
2018-01-16 1132.51 1121.76 1139.91 1117.83 1575261
2018-01-17 1126.22 1131.98 1132.6 1117.01 1202639
2018-01-18 1131.41 1129.79 1132.51 1117.5 1198234
2018-01-19 1131.83 1137.51 1137.86 1128.3 1778229
2018-01-22 1137.49 1155.81 1159.88 1135.11 1617975
2018-01-23 1159.85 1169.97 1171.63 1158.75 1333056
2018-01-24 1177.33 1164.24 1179.86 1161.05 1416625
2018-01-25 1172.53 1170.37 1175.94 1162.76 1480540
2018-01-26 1175.08 1175.84 1175.84 1158.11 2018755
2018-01-29 1176.48 1175.58 1186.89 1171.98 1378913
2018-01-30 1167.83 1163.69 1176.52 1163.52 1556346
2018-01-31 1170.57 1169.94 1173 1159.13 1538688
2018-02-01 1162.61 1167.7 1174 1157.52 2412114
2018-02-02 1122 1111.9 1123.07 1107.28 4857943
2018-02-05 1090.6 1055.8 1110 1052.03 3798301
2018-02-06 1027.18 1080.6 1081.71 1023.14 3447956
2018-02-07 1081.54 1048.58 1081.78 1048.26 2369232
2018-02-08 1055.41 1001.52 1058.62 1000.66 2859136
2018-02-09 1017.25 1037.78 1043.97 992.56 3505862
2018-02-12 1048 1051.94 1061.5 1040.93 2057718
2018-02-13 1045 1052.1 1058.37 1044.09 1265054
2018-02-14 1048.95 1069.7 1071.72 1046.75 1555787
2018-02-15 1079.07 1089.52 1091.48 1064.34 1843442
2018-02-16 1088.41 1094.8 1104.67 1088.31 1681612
2018-02-20 1090.57 1102.46 1113.95 1088.52 1423145
2018-02-21 1106.47 1111.34 1133.97 1106.33 1512910
2018-02-22 1116.19 1106.63 1122.82 1102.59 1317166
2018-02-23 1112.64 1126.79 1127.28 1104.71 1260968
2018-02-26 1127.8 1143.75 1143.96 1126.69 1559079
2018-02-27 1141.24 1118.29 1144.04 1118 1774080
2018-02-28 1123.03 1104.73 1127.53 1103.24 1882600
2018-03-01 1107.87 1069.52 1110.12 1067 2515910
2018-03-02 1053.08 1078.92 1082 1048.12 2271551
2018-03-05 1075.14 1090.93 1097.1 1069 1202174
2018-03-06 1099.22 1095.06 1101.85 1089.78 1532783
2018-03-07 1089.19 1109.64 1112.22 1085.48 1292537
2018-03-08 1115.32 1126 1127.6 1112.8 1355125
2018-03-09 1136 1160.04 1160.8 1132.46 2128038
2018-03-12 1163.85 1164.5 1177.05 1157.42 2172272
2018-03-13 1170 1138.17 1176.76 1133.33 1907171
2018-03-14 1145.21 1149.49 1158.59 1141.44 1291415
2018-03-15 1149.96 1149.58 1161.08 1134.54 1472226
2018-03-16 1154.14 1135.73 1155.88 1131.96 3091954
2018-03-19 1120.01 1099.82 1121.99 1089.01 2805937
2018-03-20 1099 1097.71 1105.2 1083.46 1831896
2018-03-21 1092.74 1090.88 1106.3 1085.15 1878873
2018-03-22 1081.88 1049.08 1082.9 1045.91 2666964
2018-03-23 1047.03 1021.57 1063.36 1021.22 2156672
2018-03-26 1046 1053.21 1055.63 1008.4 2665131
2018-03-27 1063 1005.1 1064.84 996.92 3095315
2018-03-28 998 1004.56 1024.23 980.64 3369275
2018-03-29 1011.63 1031.79 1043 1002.9 2726830
2018-04-02 1022.82 1006.47 1034.8 990.37 2680400
2018-04-03 1013.91 1013.41 1020.99 994.07 2275076
2018-04-04 993.41 1025.14 1028.72 993 2484651
2018-04-05 1041.33 1027.81 1042.79 1020.13 1363049
2018-04-06 1020 1007.04 1031.42 1003.03 1746430
2018-04-09 1016.8 1015.45 1039.6 1014.08 1751559
2018-04-10 1026.44 1031.64 1036.28 1011.34 2029648
2018-04-11 1027.99 1019.97 1031.36 1015.87 1483881
2018-04-12 1025.04 1032.51 1040.69 1021.43 1359389
2018-04-13 1040.88 1029.27 1046.42 1022.98 1223017
2018-04-16 1037 1037.98 1043.24 1026.74 1211208
2018-04-17 1051.37 1074.16 1077.88 1048.26 2320266
2018-04-18 1077.43 1072.08 1077.43 1066.22 1344138
2018-04-19 1069.4 1087.7 1094.16 1068.18 1747671
2018-04-20 1082 1072.96 1092.35 1069.57 1889686
2018-04-23 1077.86 1067.45 1082.72 1060.7 2341258
2018-04-24 1052 1019.98 1057 1010.59 4760260
2018-04-25 1025.52 1021.18 1032.49 1015.31 2391105
2018-04-26 1029.51 1040.04 1047.98 1018.19 2079533
2018-04-27 1046 1030.05 1049.5 1025.59 1619796
2018-04-30 1030.01 1017.33 1037 1016.85 1671254
2018-05-01 1013.66 1037.31 1038.47 1008.21 1427857
2018-05-02 1028.1 1024.38 1040.39 1022.87 1603081
2018-05-03 1019 1023.72 1029.67 1006.29 1815058
2018-05-04 1016.9 1048.21 1048.51 1016.9 1938658
2018-05-07 1049.23 1054.79 1061.68 1047.1 1466065
2018-05-08 1058.54 1053.91 1060.55 1047.14 1217721
2018-05-09 1058.1 1082.76 1085.44 1056.37 2032818
2018-05-10 1086.03 1097.57 1100.44 1085.64 1443025
2018-05-11 1093.6 1098.26 1101.33 1090.91 1253665
2018-05-14 1100 1100.2 1110.75 1099.11 1518077
2018-05-15 1090 1079.23 1090.05 1073.47 1494872
2018-05-16 1077.31 1081.77 1089.27 1076.26 1097317
2018-05-17 1079.89 1078.59 1086.87 1073.5 1043766
2018-05-18 1061.86 1066.36 1069.94 1060.68 1565240
2018-05-21 1074.06 1079.58 1088 1073.65 1023211
2018-05-22 1083.56 1069.73 1086.59 1066.69 1090002
2018-05-23 1065.13 1079.69 1080.78 1061.71 1060683
2018-05-24 1079 1079.24 1080.47 1066.15 766773
2018-05-25 1079.02 1075.66 1082.56 1073.78 899406
2018-05-29 1064.89 1060.32 1073.37 1055.22 1865139
2018-05-30 1063.03 1067.8 1069.21 1056.83 1138457
2018-05-31 1067.56 1084.99 1097.19 1067.56 3088305
2018-06-01 1099.35 1119.5 1120 1098.5 2421598
2018-06-04 1122.33 1139.29 1141.89 1122.01 1889579
2018-06-05 1140.99 1139.66 1145.74 1133.19 1677973
2018-06-06 1142.17 1136.88 1143 1125.74 1698247
2018-06-07 1131.32 1123.86 1135.82 1116.52 1520020
2018-06-08 1118.18 1120.87 1126.67 1112.15 1290845
2018-06-11 1118.6 1129.99 1137.26 1118.6 1079294
2018-06-12 1131.07 1139.32 1139.79 1130.73 912018
2018-06-13 1141.12 1134.79 1146.5 1133.38 1506407
2018-06-14 1143.85 1152.12 1155.47 1140.64 1350868
2018-06-15 1148.86 1152.26 1153.42 1143.48 2122476
2018-06-18 1143.65 1173.46 1174.31 1143.59 1413692
2018-06-19 1158.5 1168.06 1171.27 1154.01 1621018
2018-06-20 1175.31 1169.84 1186.29 1169.16 1648536
2018-06-21 1174.85 1157.66 1177.3 1152.23 1238118
2018-06-22 1159.14 1155.48 1162.5 1147.26 1310967
2018-06-25 1143.6 1124.81 1143.91 1112.78 2157310
2018-06-26 1128 1118.46 1133.21 1116.66 1563225
2018-06-27 1121.34 1103.98 1131.84 1103.62 1293892
2018-06-28 1102.09 1114.22 1122.31 1096.01 1072438
2018-06-29 1120 1115.65 1128.23 1115 1315121
2018-07-02 1099 1127.46 1128 1093.8 1217311
2018-07-03 1135.82 1102.89 1135.82 1100.02 679034
2018-07-05 1110.53 1124.27 1127.5 1108.48 1066685
2018-07-06 1123.58 1140.17 1140.93 1120.74 996079
2018-07-09 1148.48 1154.05 1154.67 1143.42 908969
2018-07-10 1156.98 1152.84 1159.59 1149.59 798412
2018-07-11 1144.59 1153.9 1164.29 1141 1119993
2018-07-12 1159.89 1183.48 1184.41 1155.93 1251884
2018-07-13 1185 1188.82 1195.42 1180 1222072
2018-07-16 1189.39 1183.86 1191 1179.28 1055662
2018-07-17 1172.22 1198.8 1203.04 1170.6 1610353
2018-07-18 1196.56 1195.88 1204.5 1190.34 1393606
2018-07-19 1191 1186.96 1200 1183.32 1276667
2018-07-20 1186.96 1184.91 1196.86 1184.22 1248400
2018-07-23 1181.01 1205.5 1206.49 1181 2619234
2018-07-24 1262.59 1248.08 1266 1235.56 3318204
2018-07-25 1239.13 1263.7 1265.86 1239.13 2140104
2018-07-26 1251 1268.33 1269.77 1249.02 2405638
2018-07-27 1271 1238.5 1273.89 1231 2130558
2018-07-30 1228.01 1219.74 1234.92 1211.47 1849904
2018-07-31 1220.01 1217.26 1227.59 1205.6 1644722
2018-08-01 1228 1220.01 1233.47 1210.21 1567264
2018-08-02 1205.9 1226.15 1229.88 1204.79 1531299
2018-08-03 1229.62 1223.71 1230 1215.06 1089896
2018-08-06 1225 1224.77 1226.09 1215.8 1081723
2018-08-07 1237 1242.22 1251.17 1236.17 1493980
2018-08-08 1240.47 1245.61 1256.5 1238.01 1370913
2018-08-09 1249.9 1249.1 1255.54 1246.01 848601
2018-08-10 1243 1237.61 1245.69 1232 1108919
2018-08-13 1236.98 1235.01 1249.27 1233.64 997346
2018-08-14 1235.19 1242.1 1245.87 1225.11 1348194
2018-08-15 1229.26 1214.38 1235.24 1209.51 1828814
2018-08-16 1224.73 1206.49 1226 1202.55 1343161
2018-08-17 1202.03 1200.96 1209.02 1188.24 1389645
2018-08-20 1205.02 1207.77 1211 1194.63 870772
2018-08-21 1208 1201.62 1217.26 1200.35 1205580
2018-08-22 1200 1207.33 1211.84 1199 887389
2018-08-23 1207.14 1205.38 1221.28 1204.24 992604
2018-08-24 1208.82 1220.65 1221.65 1206.36 946840
2018-08-27 1227.6 1241.82 1243.09 1225.72 1156255
2018-08-28 1241.29 1231.15 1242.55 1228.69 1304007
2018-08-29 1237.45 1249.3 1250.66 1236.36 1309312
2018-08-30 1244.23 1239.12 1253.63 1232.59 1331439
2018-08-31 1234.98 1218.19 1238.66 1211.29 1816426
2018-09-04 1204.27 1197 1212.99 1192.5 1831045
2018-09-05 1193.8 1186.48 1199.01 1162 2061309
2018-09-06 1186.3 1171.44 1186.3 1152 1888467
2018-09-07 1158.67 1164.83 1175.26 1157.21 1401404
2018-09-10 1172.19 1164.64 1174.54 1160.11 1115796
2018-09-11 1161.63 1177.36 1178.68 1156.24 1209565
2018-09-12 1172.72 1162.82 1178.61 1158.36 1295472
2018-09-13 1170.74 1175.33 1178.61 1162.85 1431214
2018-09-14 1179.1 1172.53 1180.42 1168.33 943978
2018-09-17 1170.14 1156.05 1177.24 1154.03 1306522
2018-09-18 1157.09 1161.22 1176.08 1157.09 1203686
2018-09-19 1164.98 1171.09 1173.21 1154.58 1191386
2018-09-20 1179.99 1186.87 1189.89 1173.36 1225387
2018-09-21 1192 1166.09 1192.21 1166.04 4405584
2018-09-24 1157.17 1173.37 1178 1146.91 1271017
2018-09-25 1176.15 1184.65 1186.88 1168 977731
2018-09-26 1185.15 1180.49 1194.23 1174.77 1462253
2018-09-27 1186.73 1194.64 1202.1 1183.63 1260754
2018-09-28 1191.87 1193.47 1195.41 1184.5 1380629
2018-10-01 1199.89 1195.31 1209.9 1190.3 1357604
2018-10-02 1190.96 1200.11 1209.96 1186.63 1687914
2018-10-03 1205 1202.95 1206.41 1193.83 1256214
2018-10-04 1195.33 1168.19 1197.51 1155.58 2209490
2018-10-05 1167.5 1157.35 1173.5 1145.12 1184452
2018-10-08 1150.11 1148.97 1168 1127.36 1932355
2018-10-09 1146.15 1138.82 1154.35 1137.57 1308764
2018-10-10 1131.08 1081.22 1132.17 1081.13 2675742
2018-10-11 1072.94 1079.32 1106.4 1068.27 2950120
2018-10-12 1108 1110.08 1115 1086.4 2101303
2018-10-15 1108.91 1092.25 1113.45 1089 1372393
2018-10-16 1104.59 1121.28 1124.22 1102.5 1928540
2018-10-17 1126.46 1115.69 1128.99 1102.19 1467226
2018-10-18 1121.84 1087.97 1121.84 1077.09 2094524
2018-10-19 1093.37 1096.46 1110.36 1087.75 1267649
2018-10-22 1103.06 1101.16 1112.23 1091 1514220
2018-10-23 1080.89 1103.69 1107.89 1070 1848654
2018-10-24 1104.25 1050.71 1106.12 1048.74 1982430
2018-10-25 1071.79 1095.57 1110.98 1069.55 2545839
2018-10-26 1037.03 1071.47 1106.53 1034.09 4187586
2018-10-29 1082.47 1020.08 1097.04 995.83 3880723
2018-10-30 1008.46 1036.21 1037.49 1000.75 3212657
2018-10-31 1059.81 1076.77 1091.94 1057 2529768
2018-11-01 1075.8 1070 1083.97 1062.46 1481979
2018-11-02 1073.73 1057.79 1082.97 1054.61 1839043
2018-11-05 1055 1040.09 1058.47 1021.24 2441430
2018-11-06 1039.48 1055.81 1064.35 1038.07 1233306
2018-11-07 1069 1093.39 1095.46 1065.9 2058356
2018-11-08 1091.38 1082.4 1093.27 1072.2 1488182
2018-11-09 1073.99 1066.15 1075.56 1053.11 1343313
2018-11-12 1061.39 1038.63 1062.12 1031 1471758
2018-11-13 1043.29 1036.05 1056.61 1031.15 1513702
2018-11-14 1050 1043.66 1054.56 1031 1565945
2018-11-15 1044.71 1064.71 1071.85 1031.78 1836084
2018-11-16 1059.41 1061.49 1067 1048.98 1658116
2018-11-19 1057.2 1020 1060.79 1016.26 1858614
2018-11-20 1000 1025.76 1031.74 996.02 2449130
2018-11-21 1036.76 1037.61 1048.56 1033.47 1534274
2018-11-23 1030 1023.88 1037.59 1022.4 691462
2018-11-26 1038.35 1048.62 1049.31 1033.91 1942822
2018-11-27 1041 1044.41 1057.58 1038.49 1803164
2018-11-28 1048.76 1086.23 1086.84 1035.76 2475419
2018-11-29 1076.08 1088.3 1094.24 1076 1468859
2018-11-30 1089.07 1094.43 1095.57 1077.88 2580612
2018-12-03 1123.14 1106.43 1124.65 1103.66 1990758
2018-12-04 1103.12 1050.82 1104.42 1049.98 2345166
2018-12-06 1034.26 1068.73 1071.2 1030.77 2769225
2018-12-07 1060.01 1036.58 1075.26 1028.5 2101206
2018-12-10 1035.05 1039.55 1048.45 1023.29 1807725
2018-12-11 1056.49 1051.75 1060.6 1039.84 1394731
2018-12-12 1068 1063.68 1081.65 1062.79 1523804
2018-12-13 1068.07 1061.9 1079.76 1053.93 1329768
2018-12-14 1049.98 1042.1 1062.6 1040.79 1686619
2018-12-17 1037.51 1016.53 1053.15 1007.9 2385364
2018-12-18 1026.09 1028.71 1049.48 1021.44 2192533
2018-12-19 1033.99 1023.01 1062 1008.05 2479338
2018-12-20 1018.13 1009.41 1034.22 996.36 2673464
2018-12-21 1015.3 979.54 1024.02 973.69 4595891
2018-12-24 973.9 976.22 1003.54 970.11 1590328
2018-12-26 989.01 1039.46 1040 983 2373270
2018-12-27 1017.15 1043.88 1043.89 997 2109777
2018-12-28 1049.62 1037.08 1055.56 1033.1 1413772
2018-12-31 1050.96 1035.61 1052.7 1023.59 1493722
Symbol: IBM
2018-01-02 154.5 154.25 154.81 153.54 4202503
2018-01-03 157.34 158.49 159.81 156.33 9441567
2018-01-04 159.65 161.7 162.324 159.37 7556249
2018-01-05 162.44 162.49 162.9 161.101 5195764
2018-01-08 162.66 163.47 163.905 161.701 5237523
2018-01-09 163.9 163.83 164.53 163.06 4341810
2018-01-10 162.91 164.18 164.33 162.5 4174105
2018-01-11 164.8 164.2 164.94 163.3 3794453
2018-01-12 164.02 163.14 164.74 163.03 5031886
2018-01-16 165.1 163.85 165.29 163.35 7794195
2018-01-17 168.01 168.65 169.125 167.26 11710033
2018-01-18 170 169.12 171.13 168.15 14259345
2018-01-19 164.46 162.37 165.4 161.3 21172488
2018-01-22 161.51 162.6 163.98 161.11 8480795
2018-01-23 162.82 166.25 166.26 162.51 7466232
2018-01-24 166.75 165.37 168.72 164.82 5645003
2018-01-25 165.91 165.47 166.78 165.19 3302520
2018-01-26 166.12 167.34 167.414 165.79 3787913
2018-01-29 167.45 166.8 168.39 166.01 3516995
2018-01-30 166.21 163.62 166.77 163.155 4902341
2018-01-31 163.75 163.7 164.99 162.761 4072830
2018-02-01 163.19 162.4 164.13 161.9 4434242
2018-02-02 161.7 159.03 162 158.866 5251938
2018-02-05 157.89 152.53 158.5 150 8746599
2018-02-06 150.29 155.34 155.49 149.11 9867678
2018-02-07 154.17 153.85 155.34 153.28 6149207
2018-02-08 152.48 147.59 153.16 147.5 6779095
2018-02-09 148.6 149.51 150.54 144.395 7828290
2018-02-12 150.9 151.4 152.4 150.3 5881377
2018-02-13 150.9 150.75 151.179 149.64 4891010
2018-02-14 150.19 154.76 155 150 5479033
2018-02-15 155.5 156.01 156.86 153.7 5623581
2018-02-16 155.71 156.18 157.791 155.69 4282908
2018-02-20 155.79 155.16 155.96 153.87 4489604
2018-02-21 155.43 153.96 156.79 153.9 3728571
2018-02-22 154.5 153.18 155.04 152.79 4024627
2018-02-23 154.3 155.52 155.855 154.07 3256074
2018-02-26 155.81 158.58 158.88 155.51 3610292
2018-02-27 158.46 156.55 159.78 156.53 4237283
2018-02-28 157.5 155.83 158.14 155.8 3803512
2018-03-01 155.53 153.81 156.974 152.79 4039339
2018-03-02 152.79 154.49 154.76 151.88 3261141
2018-03-05 154.12 156.95 157.49 153.75 3670630
2018-03-06 157.28 155.72 157.89 155.157 3685736
2018-03-07 155 158.32 158.83 154.73 4607677
2018-03-08 159 156.21 159.57 155.07 6455612
2018-03-09 157.47 159.31 159.583 157.3 5022238
2018-03-12 159.64 160.26 161.02 158.87 5063497
2018-03-13 160.09 159.32 162.112 158.81 4185590
2018-03-14 160.17 158.12 160.68 157.74 3631825
2018-03-15 158.71 159.61 161.25 158.52 3870595
2018-03-16 160.06 160.26 161.98 159.64 9262656
2018-03-19 159.71 157.35 159.89 156.45 5481983
2018-03-20 157.52 156.2 157.93 155.29 4336738
2018-03-21 156.57 156.69 158.2 155.92 3482184
2018-03-22 155 152.09 155.25 152 4746349
2018-03-23 152.25 148.89 152.58 148.541 4440883
2018-03-26 151.21 153.37 153.657 150.28 4103904
2018-03-27 153.95 151.91 154.87 151.16 3883745
2018-03-28 152.07 152.52 153.86 151.89 3664826
2018-03-29 153.07 153.43 153.89 151.08 3419959
2018-04-02 153.34 150.07 153.38 148.43 5150435
2018-04-03 150.8 149.85 151 148.3 4135696
2018-04-04 147.89 154.12 154.47 147.45 4805261
2018-04-05 154.44 154.03 154.92 153.34 3185388
2018-04-06 153.46 150.57 153.95 149.54 3672919
2018-04-09 151.8 152.69 154.66 151.743 4413178
2018-04-10 155.03 155.39 156.605 154.75 3955952
2018-04-11 154.37 155.36 155.78 153.88 3306539
2018-04-12 156.75 158.07 158.98 156.67 5639444
2018-04-13 158.67 156.71 159.22 155.91 4057058
2018-04-16 157.99 157.89 159.14 157.67 4186755
2018-04-17 158.82 160.91 162 158.51 10207534
2018-04-18 152.14 148.79 152.63 148.26 20381695
2018-04-19 149.19 147.7 149.207 146.62 8086056
2018-04-20 147.9 144.9 147.97 144.51 8265643
2018-04-23 145.03 145.86 145.96 144.33 5315625
2018-04-24 146.51 145.56 147.3 144.53 4916476
2018-04-25 145.79 145.94 146.4 144.111 7326379
2018-04-26 146.6 146.72 147.36 146.2 4265812
2018-04-27 146.84 146.48 147.25 145.66 3205482
2018-04-30 146.86 144.96 147.38 144.96 4415533
2018-05-01 144.65 145 145.02 143.47 4433393
2018-05-02 144.46 142.45 144.82 142.07 5194917
2018-05-03 142.13 141.99 142.23 139.9 5018592
2018-05-04 141.1 143.91 144.35 140.28 4402170
2018-05-07 144 143.22 144.32 142.64 3657009
2018-05-08 143 143 143.507 142.06 5369119
2018-05-09 141.9 142.61 143.02 141.28 4195953
2018-05-10 143.15 144.24 144.33 143.01 3726608
2018-05-11 144.11 144.14 144.85 143.58 3073167
2018-05-14 144.47 144.3 145.12 144.14 3216062
2018-05-15 143.5 143.74 143.99 142.92 4089397
2018-05-16 143.7 144.63 145.028 143.27 3168659
2018-05-17 144.5 144.5 145.19 143.77 3147659
2018-05-18 144.47 144.08 144.94 143.99 2682243
2018-05-21 144.95 145.49 146.04 144.68 2894698
2018-05-22 145.52 145.09 146.204 145 2284020
2018-05-23 144.35 144.67 144.7 143.48 3459747
2018-05-24 144.39 144.07 144.48 142.95 3398701
2018-05-25 143.9 143.64 144.57 143.46 4914294
2018-05-29 142.53 141.22 142.89 140.21 4537638
2018-05-30 141.9 142.62 143.1 141.82 5118530
2018-05-31 142.81 141.31 142.81 141.05 6830256
2018-06-01 142.43 141.95 142.84 141.62 3857530
2018-06-04 142.3 143.04 143.17 142.18 3035257
2018-06-05 143.05 143.7 144.08 143.04 2836017
2018-06-06 144.34 144.71 144.72 143.54 3220139
2018-06-07 145 145.36 146.7 144.93 4316484
2018-06-08 145 146.14 146.43 144.37 5210468
2018-06-11 146.62 146.58 147.41 146.14 3259986
2018-06-12 147.1 146.87 147.52 146.62 2640515
2018-06-13 146.79 146.35 147.47 146.2 2968180
2018-06-14 146.65 145.2 146.98 145.09 3326343
2018-06-15 144.9 145.39 145.47 143.7 9116048
2018-06-18 144.18 144.48 144.52 143.14 4286406
2018-06-19 143.12 143.9 144.22 142.95 3487015
2018-06-20 144.22 142.63 144.52 142.41 3329917
2018-06-21 142.59 141.25 143.14 140.83 3887650
2018-06-22 141.64 141.28 141.81 140.78 6013678
2018-06-25 140.4 138.79 140.4 138.28 8937085
2018-06-26 139.36 139.08 139.85 138.33 4139455
2018-06-27 139.11 137.48 139.78 137.45 4101828
2018-06-28 138.1 140.04 140.54 137.945 4523666
2018-06-29 140.32 139.7 141.359 139.61 3753684
2018-07-02 138.28 139.86 140.22 138.2 3405642
2018-07-03 140.65 139.57 140.94 139.368 1963232
2018-07-05 140.48 141.43 141.43 139.93 3744730
2018-07-06 141.53 142.48 142.94 141.17 2910426
2018-07-09 142.59 144.39 144.72 142.47 3904652
2018-07-10 144.51 144.71 145.59 144.255 3776991
2018-07-11 144 144.94 146.19 144 3526565
2018-07-12 145.85 146.45 146.83 145.74 3119505
2018-07-13 146.45 145.9 146.98 145.8 3067638
2018-07-16 145.67 145.46 145.79 144.21 3468817
2018-07-17 144.75 143.49 145 143.34 5096741
2018-07-18 143.51 144.52 144.8 142.735 6935288
2018-07-19 147.85 149.24 150.54 147.25 14655804
2018-07-20 148.58 146.35 148.86 146.26 6415972
2018-07-23 146.35 145.7 146.7 145.015 3897892
2018-07-24 146.7 146.38 147.04 145.92 3891625
2018-07-25 146.01 146.62 146.65 145.5 3631164
2018-07-26 147.43 146.71 149.27 146.63 4778022
2018-07-27 146.89 145.15 147.14 144.66 3749642
2018-07-30 144.8 145.49 146.24 144.69 3608283
2018-07-31 145.74 144.93 145.8 144.159 5474478
2018-08-01 144.76 143.5 145.19 143.34 3388386
2018-08-02 142.86 142.96 143.36 142.33 3841447
2018-08-03 143.24 147.7 147.92 143 8053567
2018-08-06 146.95 146.03 147.2 145.57 3913743
2018-08-07 146.65 147.01 147.64 146.35 3508758
2018-08-08 147.33 146.89 147.43 146.24 3581746
2018-08-09 145.53 144.77 145.94 144.73 3093504
2018-08-10 144.5 144.48 145.07 143.88 3003158
2018-08-13 144.15 142.71 144.3 142.53 2858842
2018-08-14 143 143.36 143.82 142.93 2860041
2018-08-15 142.55 143.91 144 142 4241496
2018-08-16 144.37 145.34 145.68 144.37 5250878
2018-08-17 144.79 146.06 146.39 144.69 2678820
2018-08-20 146.37 146.51 147.16 146.15 2499654
2018-08-21 147 145.97 147.12 145.89 3106876
2018-08-22 146.01 145.24 146.16 145.19 2388961
2018-08-23 145.04 145.37 145.52 144.75 2220603
2018-08-24 145.46 146.04 146.087 144.87 2776813
2018-08-27 146.94 146.69 147.62 146.52 3491565
2018-08-28 146.95 146.59 146.99 146.19 2455328
2018-08-29 146.87 147.54 147.93 146.6 3153845
2018-08-30 147.03 145.93 147.3 145.25 3340369
2018-08-31 145.72 146.48 146.78 145.54 3488476
2018-09-04 145.98 145.68 146.19 144.81 3326153
2018-09-05 145.19 146.66 146.75 145.05 3126540
2018-09-06 146.88 146.39 147.66 145.54 4248831
2018-09-07 145.94 145.45 146.503 145.12 4693127
2018-09-10 146.6 145.65 147.3 145.56 3618292
2018-09-11 146 146.49 146.99 145.25 3374774
2018-09-12 146.37 146.57 147.98 146.03 4506679
2018-09-13 147.35 148.95 149 147.118 5346540
2018-09-14 148.85 148.33 149.3 147.78 3452144
2018-09-17 148.44 147.94 149.07 147.77 3551882
2018-09-18 147.76 148.56 148.985 147.47 3629596
2018-09-19 148.63 149.06 149.96 148.23 4246382
2018-09-20 149.58 151.15 151.38 149.44 5952223
2018-09-21 151.48 151.35 152.6 150.74 19947878
2018-09-24 151.1 150.03 151.2 149.46 4264984
2018-09-25 149.91 148.91 150.41 148.36 4397457
2018-09-26 152.4 151.61 153.35 151.34 7401862
2018-09-27 152.01 151.5 152.389 151.16 3477643
2018-09-28 151.16 151.21 151.625 150.79 3305798
2018-10-01 151.71 153 153.42 151.71 3757419
2018-10-02 152.99 153.75 153.84 152.5 3030125
2018-10-03 154 153.22 154.36 152.8 3315298
2018-10-04 151.69 151.31 152.8 150.36 4238143
2018-10-05 150.9 149.03 151.79 147.87 4602252
2018-10-08 148.5 148.39 149.07 147.18 3239347
2018-10-09 148.08 147.24 148.36 146.93 3642496
2018-10-10 147.5 142.69 147.69 142.5 5547697
2018-10-11 142.62 139.02 144.19 138.78 8710491
2018-10-12 141.12 140.85 141.54 139.08 6563403
2018-10-15 140.38 141.13 142.26 140.14 4965533
2018-10-16 142.93 145.12 145.45 141.58 8695489
2018-10-17 135.89 134.05 137.15 133.419 19463962
2018-10-18 132.73 130.55 133.4 130.04 10011678
2018-10-19 130.65 129.1 131.89 127.96 7791636
2018-10-22 129.58 130.02 130.438 128.4 5719518
2018-10-23 129.02 131.21 131.9 128.41 6463580
2018-10-24 131.17 127.21 131.69 127 5710320
2018-10-25 127.25 126.45 127.79 125.14 10304327
2018-10-26 125.21 124.79 125.78 123.71 8767029
2018-10-29 119.34 119.64 123.95 118.3 20450448
2018-10-30 120.48 115.4 121.5 115.15 21458594
2018-10-31 116.49 115.43 116.5 114.09 21644978
2018-11-01 115.5 116.83 117 115.11 13626730
2018-11-02 117.51 115.67 117.75 114.538 10592681
2018-11-05 116.1 120.06 120.77 116 9144598
2018-11-06 120.7 123.12 123.81 120.31 9597392
2018-11-07 123.79 124.84 125.06 122.33 12382666
2018-11-08 122.66 123.38 124.404 122.63 10396439
2018-11-09 123.61 123.54 124.57 121.96 6961902
2018-11-12 123.5 120.9 123.57 120.65 5379113
2018-11-13 121.19 120.84 122.251 119.9 4084385
2018-11-14 121.11 120.2 121.93 119.77 4762275
2018-11-15 119.66 121.44 121.44 119.51 5207973
2018-11-16 120.89 121.57 121.85 120.54 4076315
2018-11-19 121.63 120.31 122.18 119.77 4131238
2018-11-20 118.49 117.2 119.49 116.695 6233777
2018-11-21 117.61 118.57 119.51 117.39 5335842
2018-11-23 118.09 117.19 118.338 116.91 2334730
2018-11-26 118.37 119.56 120.25 118.06 5011130
2018-11-27 118.38 120.03 120.04 118.37 4903771
2018-11-28 121.01 123 123.09 120.22 5104520
2018-11-29 122.44 121.48 123.121 121.4 5200113
2018-11-30 121.66 124.27 124.69 121.48 7251590
2018-12-03 125.67 125.31 126.59 124.36 5843112
2018-12-04 124.49 121.6 124.92 121.33 6000697
2018-12-06 119.72 123.91 123.91 119.301 6938049
2018-12-07 123.9 119.34 124.05 118.87 7019616
2018-12-10 119.74 121.13 121.682 118.52 6549506
2018-12-11 123.25 120.89 123.81 120 5043081
2018-12-12 122.51 121.16 122.88 121 3560790
2018-12-13 121.26 120.73 121.79 120.17 3993597
2018-12-14 119.5 119.9 121.11 119.44 4554204
2018-12-17 119.07 116.1 119.78 115.07 7374476
2018-12-18 116.9 116.65 118.23 116.02 6290186
2018-12-19 117.15 116.43 120.27 115.97 6979823
2018-12-20 115.7 113.02 116.45 111.7 8454350
2018-12-21 112.5 110.94 115.28 110.44 10386453
2018-12-24 109.9 107.57 111 107.5 3821376
2018-12-26 108 111.39 111.39 105.94 6645794
2018-12-27 109.99 113.78 113.78 109.47 6045590
2018-12-28 114.22 113.03 114.8 112.5 5117533
2018-12-31 113.33 113.67 114.35 112.42 4982755
Symbol: MSFT
2018-01-02 86.125 85.95 86.31 85.5 22483797
2018-01-03 86.055 86.35 86.51 85.97 26061439
2018-01-04 86.59 87.11 87.66 86.57 21911974
2018-01-05 87.66 88.19 88.41 87.43 23407110
2018-01-08 88.2 88.28 88.58 87.6046 22113049
2018-01-09 88.65 88.22 88.7272 87.86 19484317
2018-01-10 87.86 87.82 88.19 87.41 18652201
2018-01-11 88.13 88.08 88.13 87.24 17808877
2018-01-12 88.67 89.6 89.78 88.45 24271531
2018-01-16 90.1 88.35 90.79 88.0104 36599736
2018-01-17 89.08 90.14 90.28 88.75 25621164
2018-01-18 89.8 90.1 90.67 89.66 24159683
2018-01-19 90.14 90 90.61 89.66 36875013
2018-01-22 90 91.61 91.62 89.74 23601555
2018-01-23 91.9 91.9 92.3 91.54 23412841
2018-01-24 92.55 91.82 93.43 91.58 33277483
2018-01-25 92.465 92.33 93.24 91.93 26383238
2018-01-26 93.12 94.06 94.06 92.58 29172167
2018-01-29 95.14 93.92 95.45 93.72 31569940
2018-01-30 93.3 92.74 93.66 92.1 38635053
2018-01-31 93.75 95.01 95.4 93.51 48756338
2018-02-01 94.79 94.26 96.07 93.5813 47227882
2018-02-02 93.64 91.78 93.97 91.5 47867753
2018-02-05 90.56 88 93.24 88 51031465
2018-02-06 86.89 91.33 91.475 85.25 67998564
2018-02-07 90.49 89.61 91.77 89.2 41107592
2018-02-08 89.71 85.01 89.875 84.76 55628657
2018-02-09 86.3 88.18 88.93 83.83 63499065
2018-02-12 88.735 89.13 89.78 87.9295 35720341
2018-02-13 88.93 89.83 90 87.8 26407702
2018-02-14 88.51 90.81 90.99 88.41 34960912
2018-02-15 91.21 92.66 92.72 90.62 27823866
2018-02-16 92.45 92 93.5 91.8 30596919
2018-02-20 91.475 92.72 93.06 91.01 30911725
2018-02-21 92.98 91.49 93.3595 91.49 26922503
2018-02-22 92.05 91.73 92.73 91.36 24392753
2018-02-23 92.75 94.06 94.07 92.36 26329226
2018-02-26 94.4 95.42 95.45 94.25 30199846
2018-02-27 95.74 94.2 95.84 94.2 25869119
2018-02-28 94.84 93.77 95.705 93.63 31167338
2018-03-01 93.99 92.85 94.57 91.84 37135561
2018-03-02 91.58 93.05 93.15 90.86 32830389
2018-03-05 92.34 93.64 94.27 92.26 23901578
2018-03-06 94.34 93.32 94.49 92.941 22175776
2018-03-07 93.16 93.86 93.9406 92.43 26716127
2018-03-08 94.27 94.43 95.1 93.765 25887828
2018-03-09 95.29 96.54 96.54 95 36937254
2018-03-12 96.5 96.77 97.21 96.04 26073742
2018-03-13 97 94.41 97.24 93.97 35387817
2018-03-14 95.12 93.85 95.41 93.5 32131981
2018-03-15 93.53 94.18 94.58 92.83 27610998
2018-03-16 94.68 94.6 95.38 93.92 49081279
2018-03-19 93.74 92.89 93.9 92.11 33344085
2018-03-20 93.05 93.13 93.77 93 23075240
2018-03-21 92.93 92.48 94.05 92.21 24457082
2018-03-22 91.265 89.79 91.75 89.66 38604715
2018-03-23 89.5 87.18 90.46 87.08 44068949
2018-03-26 90.61 93.78 94 90.4 56396780
2018-03-27 94.94 89.47 95.139 88.51 56569011
2018-03-28 89.82 89.39 91.23 88.873 52501146
2018-03-29 90.18 91.27 92.29 88.4 45867548
2018-04-02 90.47 88.52 90.88 87.51 48515417
2018-04-03 89.575 89.71 90.05 87.89 37213837
2018-04-04 87.85 92.33 92.76 87.73 35559956
2018-04-05 92.435 92.38 93.065 91.4 29771881
2018-04-06 91.49 90.23 92.46 89.48 38026000
2018-04-09 91.04 90.77 93.17 90.62 31533943
2018-04-10 92.39 92.88 93.28 91.64 26939883
2018-04-11 92.01 91.86 93.29 91.48 24872110
2018-04-12 92.43 93.58 94.16 92.43 26758879
2018-04-13 94.05 93.08 94.18 92.44 23346063
2018-04-16 94.07 94.17 94.66 93.42 20288083
2018-04-17 95 96.07 96.54 94.88 26771000
2018-04-18 96.22 96.44 96.72 95.52 21043287
2018-04-19 96.44 96.11 97.07 95.34 23552541
2018-04-20 95.91 95 96.11 94.05 31154377
2018-04-23 95.7436 95.35 96.29 94.63 22331829
2018-04-24 96.242 93.12 96.47 92.41 34524799
2018-04-25 93.3 92.31 93.3 90.28 33729257
2018-04-26 93.55 94.26 95.15 93.1 42529043
2018-04-27 97.6 95.82 97.9 93.91 48272780
2018-04-30 96.33 93.52 96.3964 93.15 41523605
2018-05-01 93.21 95 95.29 92.79 31408927
2018-05-02 94.99 93.51 95.17 93.19 27471002
2018-05-03 92.96 94.07 94.925 92.45 31142497
2018-05-04 93.32 95.16 95.37 92.92 22531325
2018-05-07 95.17 96.22 96.71 95.1 24242019
2018-05-08 95.8456 95.81 96.16 95.0631 23484589
2018-05-09 96.01 96.94 96.97 95.05 27327410
2018-05-10 97.46 97.91 97.95 97.05 22388119
2018-05-11 97.8 97.7 97.87 97.04 16778316
2018-05-14 97.92 98.03 98.69 97.31 19454124
2018-05-15 97.24 97.32 97.85 96.34 24594010
2018-05-16 97.36 97.15 97.4 96.615 17384742
2018-05-17 96.76 96.18 97.5401 95.83 17246716
2018-05-18 96.01 96.36 96.93 96.01 17865840
2018-05-21 97 97.6 98.01 96.8 19422467
2018-05-22 97.68 97.5 98.17 97.2 15441189
2018-05-23 96.71 98.66 98.73 96.32 21251222
2018-05-24 98.725 98.31 98.94 96.81 26649287
2018-05-25 98.3 98.36 98.98 97.86 18363918
2018-05-29 97.84 98.01 98.88 97.23 28670981
2018-05-30 98.31 98.95 99.25 97.91 22158528
2018-05-31 99.29 98.84 99.99 98.61 34140891
2018-06-01 99.2798 100.79 100.86 99.17 28655624
2018-06-04 101.26 101.67 101.86 100.851 27281623
2018-06-05 102 102.19 102.33 101.53 23514402
2018-06-06 102.48 102.49 102.6 101.9 21122917
2018-06-07 102.65 100.88 102.69 100.38 28232197
2018-06-08 101.092 101.63 101.95 100.54 22165128
2018-06-11 101.37 101.05 101.59 100.67 23490894
2018-06-12 101.1 101.31 101.449 100.75 18325228
2018-06-13 101.72 100.85 102.01 100.56 29492875
2018-06-14 101.65 101.42 102.03 101 25691811
2018-06-15 101.51 100.13 101.53 100.07 65738585
2018-06-18 100.01 100.86 101.11 99.42 23586037
2018-06-19 99.65 100.86 101 99.5 28653087
2018-06-20 101.37 101.87 102.52 101.12 26180792
2018-06-21 102.075 101.14 102.46 100.88 23198188
2018-06-22 100.41 100.41 100.77 99.625 38923105
2018-06-25 100 98.39 100.11 97.3 35433333
2018-06-26 98.82 99.08 100.08 98.75 26897244
2018-06-27 99.58 97.54 100.02 97.4 31298386
2018-06-28 97.38 98.63 99.11 97.26 26650671
2018-06-29 98.93 98.61 99.91 98.33 28053214
2018-07-02 98.1 100.01 100.06 98 19564521
2018-07-03 100.48 99.05 100.63 98.94 14670275
2018-07-05 99.5 99.76 99.92 99.0299 18977402
2018-07-06 99.885 101.16 101.43 99.67 19234627
2018-07-09 101.645 101.85 102.25 101.251 18211980
2018-07-10 102 102.12 102.51 101.86 19293140
2018-07-11 101.15 101.98 102.34 101.1 19644648
2018-07-12 102.77 104.19 104.41 102.73 24335929
2018-07-13 104.37 105.43 105.6 104.09 24653500
2018-07-16 105.4 104.91 105.82 104.515 21786912
2018-07-17 104.61 105.95 106.5 104.32 25901726
2018-07-18 105.94 105.12 106.05 104.715 29493927
2018-07-19 104.93 104.4 105.31 103.89 40171646
2018-07-20 108.08 106.27 108.2 106.08 56038827
2018-07-23 106.3 107.97 108.14 106.13 29706955
2018-07-24 108.57 107.66 108.82 107.26 26316619
2018-07-25 107.955 110.83 111.15 107.6 30799612
2018-07-26 110.74 109.62 111 109.5 31372110
2018-07-27 110.18 107.68 110.18 106.14 37005292
2018-07-30 107.19 105.37 107.53 104.76 34668327
2018-07-31 106.49 106.08 106.72 105.38 27655152
2018-08-01 106.03 106.28 106.446 105.42 23628699
2018-08-02 105.4 107.57 108.09 104.84 26104258
2018-08-03 107.8 108.04 108.05 106.82 18659599
2018-08-06 108.12 108.13 108.42 107.559 20265947
2018-08-07 108.56 108.88 109.1 108.17 16080214
2018-08-08 109.33 109.49 109.75 108.76 15487502
2018-08-09 109.71 109.67 110.16 109.6 13677211
2018-08-10 109.42 109 109.69 108.38 18183724
2018-08-13 109.24 108.21 109.58 108.1 18474884
2018-08-14 108.56 109.56 109.75 108.04 16788314
2018-08-15 108.49 107.66 108.985 106.82 29982806
2018-08-16 108.3 107.64 108.86 107.3 21384289
2018-08-17 107.36 107.58 107.9 106.69 18061512
2018-08-20 107.51 106.87 107.9 106.48 17914201
2018-08-21 106.92 105.98 107.35 105.85 22881861
2018-08-22 105.85 107.06 107.34 105.78 18000639
2018-08-23 107.15 107.56 108.18 106.87 18167723
2018-08-24 107.67 108.4 108.56 107.56 17234020
2018-08-27 109.27 109.6 109.64 108.51 19662331
2018-08-28 109.94 110.26 110.5 109.79 19151528
2018-08-29 110.45 112.02 112.03 110.27 20818044
2018-08-30 111.67 111.95 112.61 111.44 22798702
2018-08-31 111.685 112.33 112.777 111.515 23222713
2018-09-04 110.85 111.71 111.955 110.22 22634641
2018-09-05 111.01 108.49 111.42 108.1 32872352
2018-09-06 108.25 108.74 108.99 107.51 23477624
2018-09-07 108.23 108.21 108.725 107.23 22498646
2018-09-10 108.84 109.38 109.64 108.36 20727906
2018-09-11 108.9 111.24 111.59 108.89 24301774
2018-09-12 111.43 111.71 111.85 110.51 18891064
2018-09-13 112.12 112.91 113.725 112.12 26055620
2018-09-14 113.36 113.37 113.73 112.44 19122349
2018-09-17 113.69 112.14 113.7 111.86 20736516
2018-09-18 112.19 113.21 113.695 111.72 22170934
2018-09-19 113.05 111.7 113.32 111.035 21728429
2018-09-20 112.28 113.57 113.8 111.93 23714512
2018-09-21 114 114.26 115.29 113.51 71229698
2018-09-24 113.03 114.67 114.9 112.218 27334460
2018-09-25 114.8 114.45 115.1 113.75 22668014
2018-09-26 114.47 113.98 115.055 113.74 19352025
2018-09-27 114.78 114.41 114.91 114.2 19091299
2018-09-28 114.19 114.37 114.57 113.68 21647811
2018-10-01 114.75 115.61 115.68 114.73 18883079
2018-10-02 115.3 115.15 115.84 114.44 20787239
2018-10-03 115.42 115.17 116.18 114.93 16648018
2018-10-04 114.61 112.79 114.759 111.63 34821717
2018-10-05 112.63 112.13 113.17 110.64 29068859
2018-10-08 111.66 110.85 112.03 109.34 29640588
2018-10-09 111.14 112.26 113.08 110.8 26198594
2018-10-10 111.24 106.16 111.5 105.79 61376315
2018-10-11 105.35 105.91 108.93 104.2 63904282
2018-10-12 109.01 109.57 111.24 107.12 47742109
2018-10-15 108.91 107.6 109.48 106.947 32068103
2018-10-16 109.54 111 111.41 108.95 31610164
2018-10-17 111.68 110.71 111.81 109.548 26548243
2018-10-18 110.1 108.5 110.53 107.83 32506192
2018-10-19 108.93 108.66 110.86 108.21 32785475
2018-10-22 109.32 109.63 110.54 108.24 26545607
2018-10-23 107.77 108.1 108.97 105.11 43770429
2018-10-24 108.41 102.32 108.49 101.59 63897759
2018-10-25 106.55 108.3 109.27 106.15 61646819
2018-10-26 105.69 106.96 108.75 104.76 55523104
2018-10-29 108.105 103.85 108.7 101.63 55162001
2018-10-30 103.66 103.73 104.38 100.11 65350878
2018-10-31 105.435 106.81 108.14 105.39 51062383
2018-11-01 107.05 105.92 107.32 105.53 33384201
2018-11-02 106.48 106.16 107.32 104.975 37680194
2018-11-05 106.37 107.51 107.74 105.9 27922144
2018-11-06 107.38 107.72 108.84 106.28 24340248
2018-11-07 109.44 111.96 112.24 109.4 37901704
2018-11-08 111.8 111.75 112.21 110.91 25644105
2018-11-09 110.85 109.57 111.45 108.76 32039223
2018-11-12 109.42 106.87 109.96 106.1 33621807
2018-11-13 107.55 106.94 108.74 106.64 35374583
2018-11-14 108.1 104.97 108.26 104.47 39495141
2018-11-15 104.99 107.28 107.8 103.91 38505165
2018-11-16 107.08 108.29 108.88 106.8 33502121
2018-11-19 108.27 104.62 108.56 103.55 44773899
2018-11-20 101.8 101.71 102.97 99.3528 64052457
2018-11-21 103.6 103.11 104.43 102.24 28130621
2018-11-23 102.17 103.07 103.81 102 13823099
2018-11-26 104.79 106.47 106.63 104.58 32336165
2018-11-27 106.27 107.14 107.33 105.36 29124486
2018-11-28 107.89 111.12 111.33 107.86 46788461
2018-11-29 110.33 110.19 111.115 109.03 28123195
2018-11-30 110.7 110.89 110.97 109.36 33665624
2018-12-03 113 112.09 113.42 110.73 34732772
2018-12-04 111.94 108.52 112.637 108.212 45196984
2018-12-06 105.82 109.19 109.24 105 49107431
2018-12-07 108.38 104.82 109.45 104.3 45044937
2018-12-10 104.8 107.59 107.98 103.89 40801525
2018-12-11 109.8 108.59 110.95 107.44 42381947
2018-12-12 110.89 109.08 111.27 109.04 36183020
2018-12-13 109.58 109.45 110.87 108.63 31333362
2018-12-14 108.25 106.03 109.26 105.5 47043136
2018-12-17 105.41 102.89 105.8 101.71 56957314
2018-12-18 103.75 103.97 104.51 102.52 49319196
2018-12-19 103.65 103.69 106.88 101.35 68198186
2018-12-20 103.05 101.51 104.31 98.78 70334184
2018-12-21 101.63 98.23 103 97.46 111242070
2018-12-24 97.68 94.13 97.97 93.98 43935192
2018-12-26 95.14 100.56 100.69 93.96 51634793
2018-12-27 99.3 101.18 101.19 96.4 49498509
2018-12-28 102.09 100.39 102.41 99.52 38169312
2018-12-31 101.29 101.57 102.4 100.44 33173765
Symbol: TWTR
2018-01-02 24.07 24.51 24.57 23.85 15297229
2018-01-03 24.56 24.45 24.68 24.07 12832637
2018-01-04 24.5 23.99 24.59 23.685 17653544
2018-01-05 24.07 24.32 24.57 23.88 14953171
2018-01-08 24.37 24.59 24.78 23.88 17831260
2018-01-09 24.63 24.17 24.71 24.07 12587134
2018-01-10 24 24.25 24.42 23.76 10420723
2018-01-11 24.3 24.35 24.37 23.9 11670398
2018-01-12 24.94 25.41 25.85 24.93 37046059
2018-01-16 25.58 24.66 25.7089 24.51 32340744
2018-01-17 24.84 24.56 24.95 24.22 17026743
2018-01-18 24.5 24.04 24.52 23.72 21118485
2018-01-19 24.12 23.66 24.22 23.5 17529712
2018-01-22 23.17 23.32 23.5 22.86 23010628
2018-01-23 22.51 22.75 23.1691 22.41 35321246
2018-01-24 22.84 22.37 23.05 22.1 23186510
2018-01-25 22.5 22.16 22.68 22.04 15501687
2018-01-26 22.39 24.27 24.35 22.3 49683870
2018-01-29 24.4 25.18 25.55 24.1 52739620
2018-01-30 24.83 25.62 26.4 24.55 52388105
2018-01-31 25.61 25.81 26.65 25.14 40451922
2018-02-01 25.52 27.14 27.33 25.44 47582601
2018-02-02 26.56 25.92 27.0301 25.7 32492112
2018-02-05 25.37 25.13 26.64 24.1 33918379
2018-02-06 24.59 25.24 25.58 24.2 26646515
2018-02-07 25.83 26.91 27.08 25.76 48909339
2018-02-08 34.15 30.18 35 29.71 162434360
2018-02-09 30.37 31.51 31.805 29.68 67181217
2018-02-12 31.44 30.95 31.9 30.8631 37001023
2018-02-13 30.67 33.44 33.65 30.64 57653045
2018-02-14 32.85 33.75 33.98 32.55 39339174
2018-02-15 34.03 33.61 34.38 33.0599 32020505
2018-02-16 33.37 33.06 33.5 32.68 27900974
2018-02-20 32.88 32.84 33.57 32.68 22766658
2018-02-21 33.03 33.38 34.055 32.6472 29589334
2018-02-22 33.43 32.11 33.45 31.63 29184052
2018-02-23 32.2 32.66 32.69 31.97 17283432
2018-02-26 32.7 32.16 32.7 31.96 15766299
2018-02-27 31.91 31.32 32.21 31.26 16544005
2018-02-28 31.5 31.86 32.85 31.47 24180133
2018-03-01 31.95 32.24 32.56 31.26 25032477
2018-03-02 31.93 33 33.03 31.49 24918891
2018-03-05 32.9 34.58 34.95 32.58 34839998
2018-03-06 34.58 34.43 34.95 33.86 22641005
2018-03-07 33.99 35.76 35.82 33.99 33656143
2018-03-08 35.42 34.85 35.84 34.68 24845343
2018-03-09 35.2 35.35 35.5 34.9367 19119453
2018-03-12 35.53 35.5 35.73 34.83 21078894
2018-03-13 35.4 34.11 35.53 33.9 22096927
2018-03-14 34.3 36.6 36.8 34.09 41632830
2018-03-15 36.41 35.8 36.48 35.4 21059227
2018-03-16 36 35.58 36.2 35.52 13833813
2018-03-19 35.13 34.98 35.74 34.41 22194764
2018-03-20 34.92 31.35 34.95 30.61 82937606
2018-03-21 32.19 32.73 33.15 32.05 43672096
2018-03-22 31.77 31.2 32.13 31.175 29561919
2018-03-23 31.26 31.03 32 30.7907 24878100
2018-03-26 31.69 31.91 32.47 30.7 25546283
2018-03-27 31.85 28.07 31.9 27.88 80415535
2018-03-28 27.78 28.45 29.11 27.39 47853634
2018-03-29 28.76 29.01 29.33 27.9 36828382
2018-04-02 28.37 28.04 28.77 27.75 24353132
2018-04-03 28.36 27.54 28.87 27.22 26071705
2018-04-04 26.85 28.25 28.34 26.6 22001986
2018-04-05 28.51 28.64 29.33 28.1 24407286
2018-04-06 28.28 28.1 29.0595 27.97 15317967
2018-04-09 28.1 28.01 28.79 28 13973173
2018-04-10 28.36 29.53 30.3 28.28 28840098
2018-04-11 29.46 29.39 29.83 28.73 25287882
2018-04-12 29.89 29 29.9 28.78 17327036
2018-04-13 29.24 28.76 29.46 28.43 12712577
2018-04-16 28.85 28.58 28.95 28.36 11505305
2018-04-17 29.45 31.84 32.0568 29.43 46696039
2018-04-18 31.67 31.54 32.0599 31.07 25139953
2018-04-19 31.37 31.54 32.28 30.96 22640053
2018-04-20 32.65 31.91 33.12 31.65 34819658
2018-04-23 32.51 31.22 32.62 30.85 29411008
2018-04-24 31.18 30.47 31.64 29.63 41265271
2018-04-25 31.35 29.75 32 28.14 93090444
2018-04-26 30.35 30.27 31.42 30.12 43784175
2018-04-27 30.17 29 30.32 28.59 37420135
2018-04-30 28.62 30.31 30.7457 28.43 41760191
2018-05-01 30.21 30.3 31.06 29.6 30679164
2018-05-02 30 30.55 31.2199 29.95 22481683
2018-05-03 30.21 30.67 31.02 29.97 19813452
2018-05-04 30.22 31.04 31.36 29.85 21035168
2018-05-07 31.06 31.33 31.84 30.88 18517536
2018-05-08 31.2 31.85 32.0899 31.03 19581183
2018-05-09 32.07 32.46 32.79 31.94 20726455
2018-05-10 32.71 32.87 33.78 32.58 20723533
2018-05-11 32.94 32.75 33.1 32.2501 14482552
2018-05-14 33.07 33.39 33.58 32.93 18007006
2018-05-15 33.17 32.75 33.17 32.36 15840804
2018-05-16 32.75 32.77 33.2166 32.67 10868673
2018-05-17 32.78 32.58 33.015 32.281 10760174
2018-05-18 32.55 32.63 32.97 32.2108 10618936
2018-05-21 33.02 33.63 34.025 32.9 21328447
2018-05-22 33.78 32.86 33.81 32.83 15003157
2018-05-23 32.7 33.42 33.43 32.6 13442658
2018-05-24 33.44 33.52 33.755 33.12 14491903
2018-05-25 33.54 33.63 33.99 33.31 10424410
2018-05-29 33.42 34.04 34.83 33.35 22086674
2018-05-30 34.2 34.36 34.655 34.08 14588186
2018-05-31 34.39 34.7 34.97 34.25 14433219
2018-06-01 35.14 36.65 36.69 35.09 29583088
2018-06-04 36.45 37.88 37.98 35.95 32632802
2018-06-05 39.53 39.8 40.16 39.19 66122177
2018-06-06 39.42 40.1 40.23 39.21 147805710
2018-06-07 40.14 39.7 40.16 38.64 41573447
2018-06-08 39.49 41.21 41.26 39.42 34538901
2018-06-11 41.42 41.42 41.69 40.66 24605266
2018-06-12 42.47 43.49 44.33 42.41 51154995
2018-06-13 44.24 44.07 44.55 43.4199 35169170
2018-06-14 44.55 46.76 46.8 44.5 50949063
2018-06-15 46.62 45.8 47.79 45.64 51489582
2018-06-18 45.335 46 46.2564 44.5 26025577
2018-06-19 45.19 44.95 45.71 43.57 39252002
2018-06-20 45.56 46.13 46.92 45.4401 31230186
2018-06-21 46.36 45.24 46.87 44.2 32200255
2018-06-22 45.58 45.88 46.01 44.5 31106299
2018-06-25 45.47 44.17 45.52 43.325 31379323
2018-06-26 44.36 44.84 45.32 43.51 20194074
2018-06-27 45.5 43.7 46.22 43.68 25875456
2018-06-28 43.65 44.79 44.84 42.49 18911179
2018-06-29 45.05 43.67 45.2 43.56 24392892
2018-07-02 43.06 44.98 45 42.75 16703638
2018-07-03 45.36 43.89 45.48 43.8 14237483
2018-07-05 44.07 45.06 45.11 43.55 16172028
2018-07-06 44.91 46.65 46.75 44.61 23740653
2018-07-09 46.74 44.14 46.9 42.08 107582356
2018-07-10 44.2 43.75 45.26 43.63 38467449
2018-07-11 42.63 43.87 44.1 42.22 35100108
2018-07-12 44.8 45.26 45.34 44.36 27078524
2018-07-13 45.28 44.49 45.32 43.93 16453000
2018-07-16 44.3 44.26 44.73 43.91 13012826
2018-07-17 43.59 44.71 45.26 43.15 20122310
2018-07-18 44.19 43.34 44.75 42.74 26536776
2018-07-19 43.27 43.44 43.87 43.11 13366788
2018-07-20 43.5 43.42 44.13 43.23 10445469
2018-07-23 43.45 43.31 43.85 42.4 15251177
2018-07-24 43.77 42.17 43.8 41.59 22433945
2018-07-25 42.35 44.22 44.39 42.35 25206277
2018-07-26 42.87 42.94 43.41 42.14 30018698
2018-07-27 37.25 34.12 37.47 33.9 122856761
2018-07-30 34.17 31.38 34.26 31.07 77852432
2018-07-31 31.95 31.87 32.48 31.07 64392221
2018-08-01 32.25 31.91 32.59 31.46 33231691
2018-08-02 31.58 32.82 32.87 31.34 27088039
2018-08-03 32.58 31.96 32.99 31.8 26316962
2018-08-06 31.82 32.98 33.04 31.45 27512414
2018-08-07 33.1 32.67 33.61 32.55 24635595
2018-08-08 32.75 31.84 32.78 31.81 22539433
2018-08-09 31.85 31.96 32.38 31.61 17662111
2018-08-10 31.65 32.01 32.25 31.47 16073873
2018-08-13 32.04 32.8 33.62 32.02 44235322
2018-08-14 33.4 33.19 33.43 32.515 26442591
2018-08-15 32.81 32.38 33.23 31.951 26433383
2018-08-16 32.7 32.83 33.15 32.415 20873238
2018-08-17 32.74 32.73 33.09 32.34 14874597
2018-08-20 32.79 32.6 32.94 32.2 16535739
2018-08-21 32.75 33.69 34.14 32.6 29575742
2018-08-22 33.45 33.81 34.17 33.35 18576272
2018-08-23 33.9 33.88 34.74 33.72 25746306
2018-08-24 34 34.28 34.49 33.9279 15214005
2018-08-27 34.66 35.89 36 34.48 28306330
2018-08-28 35.98 35.49 36.04 34.89 22281635
2018-08-29 35.41 35.35 35.6 34.81 17725702
2018-08-30 35.27 35.64 36.149 35.21 19217247
2018-08-31 35.57 35.18 35.7201 34.59 19073902
2018-09-04 34.75 34.84 35.125 34.48 13567620
2018-09-05 34.65 32.73 34.7 32.51 36051144
2018-09-06 32.86 30.81 32.95 30.62 36023568
2018-09-07 30.31 30.49 31.39 29.82 31484159
2018-09-10 30.5 30.54 30.6 29.9531 17805834
2018-09-11 30.44 30.89 31.44 30.35 16000139
2018-09-12 30.61 29.75 30.83 29.25 29845199
2018-09-13 30.1 30.39 30.57 29.86 18522541
2018-09-14 30.45 30.12 30.77 30.06 13474732
2018-09-17 29.05 28.86 29.28 28.43 30592298
2018-09-18 28.84 29.22 29.63 28.75 15856766
2018-09-19 29.15 29.52 29.56 28.82 16023530
2018-09-20 29.7 29.85 30.02 29.24 15377977
2018-09-21 29.86 28.5 29.95 28.49 43122578
2018-09-24 28.33 28.6 29.115 27.93 20249039
2018-09-25 28.75 29.11 29.24 28.44 16130320
2018-09-26 29.2 29.01 29.45 28.8 12742119
2018-09-27 29.06 29.42 29.69 28.88 14830480
2018-09-28 29.25 28.46 29.28 28.41 22719644
2018-10-01 28.51 28.31 28.7 28 20538923
2018-10-02 28.14 28.19 28.62 27.91 17714373
2018-10-03 28.38 29.01 29.12 28.25 19358693
2018-10-04 28.75 28.23 28.76 27.87 21120350
2018-10-05 28.34 28.39 28.96 27.97 28996143
2018-10-08 28.21 28.45 28.939 27.72 22114409
2018-10-09 28.7 29.27 29.565 28.34 22759247
2018-10-10 29.12 26.79 29.12 26.7614 40399372
2018-10-11 26.3505 27 27.58 26.19 33065282
2018-10-12 28.09 27.99 28.17 27.26 27127469
2018-10-15 27.85 28.61 29.05 27.59 20225196
2018-10-16 29.1 29.87 29.89 28.84 18443044
2018-10-17 29.95 29.55 30.14 28.96 19379384
2018-10-18 29.4 29.29 30.24 28.975 24174288
2018-10-19 29.33 28.83 29.79 28.68 20112939
2018-10-22 29.05 29.18 29.28 28.31 21719411
2018-10-23 28.48 28.77 29.02 28.07 26503639
2018-10-24 28.85 27.54 29.77 27.305 37910189
2018-10-25 31.32 31.8 33.67 30.76 79251011
2018-10-26 31.2 32.36 33.1353 30.94 47746954
2018-10-29 32.46 32.39 33.75 31.62 40899855
2018-10-30 31.77 33.86 34.55 31.3 43678167
2018-10-31 34.37 34.75 35.6373 34.35 33063723
2018-11-01 34.6 34.62 34.91 33.82 27497952
2018-11-02 34.87 34.3 35.35 33.85 23994750
2018-11-05 34.26 34.02 34.28 33.37 18214274
2018-11-06 33.96 34.42 34.8123 33.84 15508315
2018-11-07 34.75 34.99 35.12 34.38 16802102
2018-11-08 34.88 34.18 34.99 33.87 15146446
2018-11-09 33.75 34.08 34.42 33.39 16034666
2018-11-12 34 32.01 34.105 31.78 18147501
2018-11-13 32.24 32.49 32.85 31.47 17206289
2018-11-14 32.89 32.91 33.85 32.75 19448666
2018-11-15 32.79 33.15 33.36 32.62 16824777
2018-11-16 32.83 33.67 33.92 32.6 17904095
2018-11-19 33.56 31.98 33.6 31.84 15745042
2018-11-20 29.97 31.06 31.735 29.94 20927590
2018-11-21 31.67 31.61 32.08 31.1 16466856
2018-11-23 31.3 31.12 31.96 31.11 5813907
2018-11-26 31.5973 32.82 32.87 31.52 17095995
2018-11-27 32.44 32.61 33.1 32.36 10727428
2018-11-28 33 32.73 33 31.72 19073306
2018-11-29 32.46 31.3 32.54 29.87 50505661
2018-11-30 31.15 31.45 31.55 30.11 25833199
2018-12-03 32.24 33.66 33.85 32.21 24021142
2018-12-04 33.28 32.56 34.16 32.5 22471983
2018-12-06 32.46 32.96 32.97 31.11 25922799
2018-12-07 32.84 32.83 34.37 32.675 29497106
2018-12-10 32.73 33.43 33.64 32.255 19971133
2018-12-11 34.13 34.45 35.75 33.88 30118556
2018-12-12 34.97 36.25 37.135 34.85 32608549
2018-12-13 36.4 35.89 36.49 35.3 22831609
2018-12-14 35.25 35.87 36.62 35.05 19528499
2018-12-17 35.68 33.43 35.7 33.2 23880855
2018-12-18 33.63 33.74 34.17 33.08 18885118
2018-12-19 33.71 32.93 34.7 32.66 24784326
2018-12-20 32.59 29.29 32.72 28.51 51983015
2018-12-21 29.31 27.31 29.76 27.04 38714140
2018-12-24 26.55 26.45 27.27 26.26 18208306
2018-12-26 27 28.66 28.7 26.8 35529619
2018-12-27 28.14 28.68 28.92 27.26 31987721
2018-12-28 28.93 28.43 29.14 27.84 21820474
2018-12-31 28.6 28.74 29.13 28.34 15975022
